# mc price: 13.616294
# variance: 32.053411
# delta : 0.0248956 0.0249324 0.0249503 0.0250191 0.0249342 0.024961 0.0249808 0.0248986 0.0249032 0.0249421 0.0249554 0.0249416 0.0249236 0.0249541 0.0249515 0.0250078 0.0248439 0.0248783 0.0249421 0.0249178 0.0249168 0.0249511 0.0249393 0.0250007 0.0249344 0.0248973 0.0249136 0.0249047 0.024927 0.0248953 0.0249739 0.024962 0.0249467 0.0249322 0.0249571 0.0249858 0.0248853 0.024914 0.024861 0.0250143


option size <int>  40
strike <float> 100
spot <vector> 75.867053 82.740791 112.851173 123.833109 205.291964 99.419106 140.684346 190.699457 130.653628 128.732240 118.831127 114.277761 86.107606 181.434227 159.312024 70.050603 89.436066 79.038435 126.864792 88.942879 145.564976 110.936625 118.818988 121.075187 101.045185 90.133226 116.292266 114.573083 127.052989 125.084159 72.315012 103.422232 127.290796 88.408875 109.710763 198.809393 128.185142 181.635091 114.830503 75.393556 
maturity <float> 1
volatility <vector> 0.2
interest rate  <float> 0.04879
correlation <float> 0.0
trend <vector> 0.06
option type <string> basket
payoff coefficients <vector> 0.025

timestep number <int> 1
sample number <int> 50000
